1552
1637
1658
1685
1687
1689
1703
1705
1768
1824
1810
1871
1874
1881
1891
1894
1868
1905
1912
1916
1913
1919
1932
1930
1932
1933
1915
1946
1921
1961
1935
1963
1967
1965
1941
1950
1955
1974
1984
2000
2012
2020
2005
2030
2004
2028
2017
2018
2052
2028
2028
2052
2043
2043
2042
2080
2053
2066
2061
2081
2090
2069
2094
2074
2090
2077
2078
2077
2078
2104
2102
2107
2109
2090
2116
2119
2095
2121
2146
2176
2167
2191
2198
2199
2175
2197
2187
2212
2222
2195
2226
2199
2202
2229
2243
2221
2240
2221
2241
2242
2253
2238
2242
2247
2226
2231
2256
2232
2268
2263
2244
2262
2262
2248
2244
2274
2259
2265
2264
2265
2262
2292
2296
2273
2271
2293
2301
2273
2293
2307
2279
2312
2320
2315
2320
2302
2300
2318
2322
2332
2321
2330
2310
2328
2329
2339
2340
2329
2312
2329
2332
2340
2346
2333
2322
2334
2335
2355
2332
2344
2342
2344
2359
2359
2359
2361
2337
2349
2360
2347
2348
2361
2339
2362
2358
2364
2352
2347
2348
2352
2353
2356
2350
2353
2341
2352
2354
2351
2367
2354
2357
2354
2348
2345
2353
2368
2345
2351
2370
2358
